duration = 123.24115824699402
kvantovanie = 0.012890625
period = 0.4014369975472118
frequency = 2.491050914863404